Participant2_2019_April2019_Shot0142.jpg:-9661209.422 3963345.756,-9662317.866 3964578.683,-9664911.647 3962956.538,-9665141.024 3963348.547								
Participant2_2019_March2019_Shot0175.jpg:-9664118.501 3960138.494,-9664150.312 3960684.109,-9661879.177 3961551.192									
Participant2_2019_May2019_Shot0178.jpg:-9663069.468 3962896.367,-9659204.621 3964942.013										
Participant2_2019_November2019_Shot0161.jpg:-9661809.519 3961498.940,-9667296.524 3970117.867										
Participant2_2019_November2019_Shot0230.jpg:-9661143.273 3963430.927,-9660772.843 3963845.093,-9660493.370 3964053.739,-9660232.459 3963608.453								
Participant2_2019_November2019_Shot0302.jpg:-9663010.962 3963421.962,-9662077.068 3963300.153,-9661674.500 3962600.754,-9660369.338 3962319.848,-9659086.151 3962738.819							
Participant2_2019_October2019_Shot0153.jpg:-9662163.038 3947223.102,-9667808.300 3948270.996,-9666181.551 3946941.241,-9663487.146 3947294.284,-9663214.839 3947911.991							
Participant2_2019_October2019_Shot0224.jpg:-9662914.693 3962979.797,-9662882.446 3962923.664,-9662688.936 3962950.648,-9662162.505 3962019.517								
Participant2_2019_October2019_Shot0296.jpg:-9663141.287 3963013.619,-9662687.255 3962950.530,-9658428.461 3965314.459,-9657982.095 3965238.958								
Participant2_2019_September2019_Shot0180.jpg:-9662434.542 3963575.688,-9661126.557 3961072.513,-9660567.240 3959698.627,-9657785.813 3957436.074,-9657709.973 3957139.601,-9656700.787 3957974.382,-9655089.990 3958047.579					
Participant2_2019_September2019_Shot0250.jpg:-9661255.820 3959353.492,-9661093.630 3959359.464,-9660599.362 3959700.756,-9659657.804 3959836.461,-9658753.182 3960499.831,-9656995.900 3962274.051						
Participant2_2021_April2021_Shot0260.jpg:-9662281.239 3962229.281,-9662119.827 3961934.887,-9663353.045 3961236.397,-9663314.073 3960677.635,-9663638.148 3960684.977							
Participant2_2021_March2021_Shot0184.jpg:-9662061.606 3961807.235,-9662428.848 3962490.606,-9664103.116 3961859.855,-9665411.329 3965800.745,-9665297.701 3967141.640,-9667633.082 3969964.165						
Participant2_2021_May2021_Shot0329.jpg:-9659495.394 3964801.645,-9659685.271 3964664.893,-9662688.963 3962951.118,-9662221.578 3962120.832,-9662015.110 3962123.521							
Participant2_2021_October2021_Shot0166.jpg:-9660972.606 3963245.084,-9660656.018 3963134.517,-9660262.985 3962615.538,-9660142.082 3962531.185,-9660147.427 3962331.211,-9659671.999 3962212.704,-9659509.186 3962063.812,-9658273.471 3962687.797,-9657909.294 3962279.373,-9657726.341 3962300.323,-9657401.982 3961982.588,-9656598.463 3961960.990
Participant2_2021_September2021_Shot0423.jpg:-9663284.427 3949675.263,-9663127.287 3949449.290,-9662825.581 3948299.153,-9662362.345 3947740.768,-9661937.611 3946632.788							
Participant2_2021_September2021_Shot0505.jpg:-9670332.535 3941463.619,-9670740.689 3940400.943,-9671723.187 3939309.542									
Participant3_2019_April2019_Shot0194.jpg:-9654434.067 3957288.081,-9654891.863 3957453.816,-9656751.480 3958020.768,-9657753.103 3957200.324,-9660719.688 3959736.598,-9661372.938 3962464.910,-9663443.512 3962109.334					
Participant3_2019_April2019_Shot0266.jpg:-9670541.733 3956765.234,-9665193.098 3953577.508,-9664093.622 3951375.636,-9661132.716 3948594.394,-9660062.753 3948228.105,-9651982.422 3960690.074,-9650609.782 3962136.561,-9647198.391 3963951.203,-9644804.433 3960254.323,-9638900.217 3967558.398,-9632445.523 3970481.475	-9630042.831,3972139.696
Participant3_2019_March2019_Shot0055.jpg:-9662496.464 3964060.291,-9662352.999 3964142.618,-9662468.006 3964349.691,-9663074.230 3964004.432								
Participant3_2019_March2019_Shot0124.jpg:-9662537.724 3960330.131,-9662686.646 3959574.325,-9661703.683 3961217.014,-9663713.458 3965170.460								
Participant3_2019_May2019_Shot0346.jpg:-9662354.544 3964145.702,-9662396.681 3964221.011,-9663336.866 3963729.652									
Participant3_2019_November2019_Shot0639.jpg:-9657963.596 3967885.654,-9664131.156 3961857.439,-9665502.417 3957479.790,-9664773.169 3952098.353,-9659921.675 3943736.097,-9660809.382 3938395.930,-9662640.585 3927584.824,-9662515.634 3926290.037				
Participant3_2019_November2019_Shot0709.jpg:-9636258.470 3976812.210,-9638304.689 3976460.277,-9638144.283 3977225.403,-9640331.708 3976491.212,-9643148.925 3975380.334,-9643174.818 3976023.864,-9643466.760 3976348.747,-9644046.035 3975883.643				
Participant3_2019_October2019_Shot0562.jpg:-9647478.369 3950127.114,-9649284.902 3951007.782,-9649445.703 3951119.876									
Participant3_2019_September2019_Shot0415.jpg:-9627334.284 3971311.073,-9636243.230 3969907.960,-9643428.259 3968345.886,-9652025.344 3965944.225,-9657635.762 3967734.358,-9659635.915 3968579.151,-9662635.301 3965236.873,-9661944.722 3963694.662,-9666312.856 3958960.366			
Participant3_2019_September2019_Shot0484.jpg:-9657192.363 3970111.700,-9659352.066 3965954.229,-9662198.725 3964156.904,-9659274.903 3958332.222								
Participant3_2021_October2021_Shot0092.jpg:-9633070.332 3967960.844,-9632958.702 3968546.569,-9633304.325 3968553.130,-9633310.247 3968771.098,-9634384.492 3967995.182,-9635696.304 3967612.519,-9637616.560 3968036.534,-9638676.455 3967612.492,-9639136.761 3967703.114			
Participant3_2021_September2021_Shot0051.jpg:-9662689.114 3962950.998,-9661094.563 3960947.210,-9660920.242 3959726.879,-9660320.407 3959660.879,-9659652.771 3959087.535							
Participant4_2019_November2019_Shot0041.jpg:-9654080.325 3963647.533,-9655385.138 3963269.410,-9655913.747 3962759.638,-9658745.711 3960510.180,-9659591.031 3959673.335,-9661393.778 3958919.724,-9661376.750 3959136.317					
Participant4_2019_October2019_Shot0101.jpg:-9662144.083 3962654.698,-9662602.178 3962795.911,-9665981.328 3960867.028,-9666342.068 3960866.256								
Participant4_2021_November2021_Shot0013.jpg:-9663657.612 3961214.559,-9663826.186 3961183.415,-9664522.028 3961894.103,-9663622.670 3962421.422,-9663893.918 3962901.323,-9663273.601 3963097.387						
Participant5_2019_April2019_Shot0055.jpg:-9662232.456 3962861.208,-9661819.134 3962842.066,-9661630.147 3962565.691,-9660991.952 3962271.044,-9660372.005 3962315.253,-9659676.197 3962221.627,-9659508.788 3962063.181,-9659203.865 3962115.722				
Participant5_2019_March2019_Shot0069.jpg:-9657128.693 3970144.897,-9657891.012 3968085.716,-9659067.955 3968498.584,-9661563.310 3967202.701,-9662491.985 3964666.089,-9662917.712 3964254.759						
Participant5_2021_April2021_Shot0020.jpg:-9661207.252 3941941.698,-9660168.634 3944913.772,-9661113.931 3948635.093,-9663692.142 3950430.804,-9664668.562 3952134.229,-9664709.105 3954342.153,-9665542.809 3957595.362,-9664111.514 3961960.070,-9664379.525 3964528.031,-9659250.736 3968521.454,-9656881.538 3969954.245	
Participant5_2021_May2021_Shot0075.jpg:-9666780.136 3954331.544,-9667133.180 3954300.282,-9667317.001 3953763.796,-9665766.948 3954213.357								
Participant5_2021_October2021_Shot0036.jpg:-9674883.704 3960705.163,-9674341.465 3961478.318,-9671990.834 3962769.899,-9667205.668 3964639.716,-9664830.195 3964589.280,-9662536.787 3964906.149,-9661730.316 3963382.594,-9661130.272 3961084.102,-9660728.131 3958138.260,-9660065.362 3957243.472,-9659750.179 3957020.670	
Participant5_2021_October2021_Shot0107.jpg:-9666101.306 3954733.671,-9665482.248 3954603.429,-9664593.907 3955681.803,-9665629.632 3958791.314,-9664258.862 3961427.811,-9663965.257 3962865.278						
Participant5_2021_September2021_Shot0001.jpg:-9662464.424 3946154.574,-9659982.242 3948293.428,-9654406.972 3953874.976,-9650168.194 3950924.432,-9648592.188 3950316.324							
Participant7_2019_April2019_Shot0001.jpg:-9664790.405 3968978.245,-9664058.953 3968793.483,-9663650.373 3968807.755,-9663566.412 3968504.157,-9661042.765 3968480.746,-9658096.199 3970510.202,-9658638.935 3971099.489,-9658657.919 3972219.303,-9658801.373 3972221.537			
Participant7_2021_November2021_Shot0055.jpg:-9670317.579 3960807.978,-9669820.592 3960785.548,-9668724.174 3961630.588,-9668859.106 3961893.350,-9668877.491 3962551.870,-9666612.050 3962778.459						
Participant8_2021_November2021_Shot0008.jpg:-9667085.795 3964102.410,-9667565.221 3963998.473,-9668103.120 3963998.677,-9668027.772 3964847.353,-9672090.535 3962835.373							
Participant8_2021_November2021_Shot0078.jpg:-9670142.589 3962084.111,-9669846.688 3962522.878,-9664840.186 3963158.721,-9664159.470 3962067.320,-9664293.775 3961830.814,-9664751.020 3961571.912,-9665024.895 3962168.481					
Participant8_2021_November2021_Shot0144.jpg:-9662363.201 3947334.892,-9660824.968 3947166.696,-9659928.789 3943663.630,-9660345.474 3940709.257,-9660830.057 3939779.675							
Participant8_2021_October2021_Shot0187.jpg:-9663820.748 3964058.273,-9662825.019 3964622.963,-9662687.264 3964388.968,-9662458.929 3964492.756,-9661659.023 3962928.712,-9661866.599 3962573.945,-9661488.374 3962304.444					
Participant8_2021_October2021_Shot0257.jpg:-9666565.591 3945980.214,-9665930.284 3946753.311,-9665281.063 3947118.384,-9663257.464 3947363.140,-9662680.245 3946756.192,-9660824.736 3947170.505,-9660238.039 3942392.152,-9657423.129 3945316.207,-9659057.584 3946174.405			
Participant8_2021_September2021_Shot0044.jpg:-9668364.242 3943079.710,-9667896.400 3943439.361,-9667590.527 3942547.550,-9667513.727 3941823.254								
Participant8_2021_September2021_Shot0116.jpg:-9655289.167 3954550.765,-9657750.350 3957048.506,-9661619.145 3959813.787,-9661773.027 3960357.056,-9662686.633 3959574.115,-9664236.806 3958658.914						
uber_imgs_Participant1_July2021_IMG_3769.jpg:-9654424.845 3964974.803,-9655376.041 3964770.174,-9659505.013 3962064.475,-9660373.408 3962315.234,-9660485.192 3962218.798,-9662342.584 3962338.488						
uber_imgs_Participant6_April2021_Shot0024.jpg:-9663446.592 3962112.182,-9662441.141 3966136.336,-9659466.119 3968551.693,-9657556.820 3967705.858,-9651560.245 3973398.193,-9651684.161 3978799.949						
uber_imgs_Participant6_April2021_Shot0091.jpg:-9657975.804 3962283.917,-9658281.156 3962681.643,-9659676.412 3962221.485,-9660371.319 3962316.121,-9660753.341 3962202.287,-9660911.008 3962253.428						
uber_imgs_Participant6_March2021_Shot0042.jpg:-9661752.597 3963073.434,-9662496.551 3964775.147,-9662709.005 3965911.861,-9659489.054 3968555.507,-9657785.992 3967713.697,-9656572.565 3968120.587,-9652242.251 3965906.927,-9650788.564 3966178.150,-9652652.877 3964344.942			
uber_imgs_Participant6_March2021_Shot0113.jpg:-9655661.016 3956084.736,-9656045.271 3955326.638,-9657333.543 3956484.557,-9657233.643 3956633.005,-9656072.482 3956569.336							
uber_imgs_Participant6_May2021_Shot0023.jpg:-9663405.425 3940260.664,-9659122.193 3943297.886,-9655585.513 3946482.280,-9653331.522 3950191.726								
uber_imgs_Participant6_November2021_Shot0054.jpg:-9659021.122 3964929.920,-9660771.821 3963843.040,-9661533.470 3963010.293,-9660671.030 3959704.241,-9657777.496 3957355.670,-9656637.729 3956022.592,-9654721.459 3955319.375					
uber_imgs_Participant6_October2021_Shot0027.jpg:-9661243.815 3962247.874,-9662816.723 3965799.675,-9658008.621 3968050.540,-9657372.130 3970252.360								
uber_imgs_Participant6_October2021_Shot0094.jpg:-9662206.465 3962814.790,-9664359.461 3961359.238,-9666007.881 3956894.849,-9667269.038 3956823.961,-9668401.284 3953528.080,-9669998.129 3953701.954						
uber_imgs_Participant6_September2021_Shot0118.jpg:-9656946.626 3969733.806,-9658368.587 3968063.633,-9660683.975 3968063.246,-9662799.220 3965437.793,-9661382.883 3962316.825,-9661356.934 3959135.876						
uber_imgs_Participant6_September2021_Shot0185.jpg:-9662221.020 3962120.824,-9662827.481 3963192.745,-9663143.086 3963012.501,-9663182.095 3963079.682								